X = [
80.801941 30.294315 358.670288 473.178192
61.456413 142.377701 358.656189 425.051819
80.803001 454.148773 158.584351 25.514374
88.703003 281.475494 231.434509 67.580017
80.803001 54.416378 221.944946 425.246765
41.457413 56.777233 421.342651 584.738342
176.955994 472.184753 166.359558 10.602692
174.909103 470.806274 161.748001 13.283997
80.481003 30.294315 358.976807 473.178223
61.136700 56.768665 358.974396 542.984009
80.481003 51.829945 358.975586 548.785645
61.136700 50.791599 358.974396 548.786987
80.481003 51.828083 358.975555 548.787476
61.136700 44.814697 358.974396 554.763916
80.481003 43.858700 358.975586 556.931702
61.136700 56.768646 358.974396 542.809998
80.503998 57.802925 358.952606 542.812622
61.158600 54.774788 358.952484 544.803833
80.803001 55.813263 358.653564 544.802307
61.158600 60.754314 358.952484 538.998352
80.503998 60.176197 358.952576 540.439392
61.158600 64.737846 358.952484 534.840759
80.503998 61.791695 358.952606 538.823853
61.158600 64.738647 358.952484 534.839966
80.503998 60.176197 358.952606 540.614258
61.457500 53.161194 358.653595 546.417419
80.803001 54.199196 358.653625 546.416382
61.457500 67.109192 359.753693 532.469421
80.803001 54.199196 358.653595 546.416382
61.457500 68.724083 358.653595 531.028564
80.803001 68.146194 358.653595 532.469421
61.457500 381.982697 358.660492 217.595917
80.803001 30.294315 358.663208 473.178314
174.909103 470.806274 161.748001 13.283997
80.803001 30.294315 358.656219 473.178192
61.457500 152.343475 358.658356 446.921021
80.803001 30.294315 362.281036 473.178345
61.457500 54.707966 358.657379 544.556458
80.801926 61.724136 358.657318 538.577515
61.456879 66.442596 358.656799 532.821838
80.803001 61.725281 358.657806 538.576233
174.909103 470.806274 161.748001 13.283997
80.802353 30.294315 358.658020 473.178406
61.457500 389.447479 358.656219 209.816986
80.803001 30.294315 358.655182 473.178314
174.909103 470.806274 161.748001 13.283997
80.802780 30.294315 387.618042 547.900269
61.457489 46.148884 358.661591 553.115601
80.802795 47.185986 387.618042 553.115601
61.457500 53.123085 358.656952 545.703430
80.802879 55.351913 387.617950 544.949524
61.457500 52.517479 358.656250 546.309021
80.803001 74.912193 387.617828 525.389404
61.457146 54.159012 358.656647 545.105469
80.803001 53.555107 387.617828 546.746399
61.456406 61.929970 358.658386 537.334534
80.802811 53.555107 387.618011 546.746338
61.456543 50.969795 358.657288 548.294678
80.803001 88.025482 387.617828 512.276123
61.457329 52.517479 358.655273 546.309021
80.802681 67.474724 387.618164 532.826782
61.457500 54.158440 358.658325 544.668152
80.803001 53.554852 387.617828 546.746704
61.457500 52.517479 358.656342 546.746948
80.803001 55.695496 387.617828 544.606018
61.457500 44.693932 358.655029 554.570618
80.802879 67.852577 387.617950 532.448914
61.457329 54.314911 358.655426 544.949585
80.802643 54.160084 387.618195 546.141418
61.457397 58.383728 358.655945 540.442749
80.803001 56.446598 387.617828 543.854858
61.456429 64.122780 358.657379 534.703674
80.803001 54.160084 387.617828 546.141418
61.457500 54.314613 358.661133 544.949890
80.803001 498.087494 387.617828 102.214020
174.909103 470.806274 161.748001 13.283997
80.803001 30.294315 383.133820 505.557251
61.457500 52.518669 358.659332 546.745789
80.802689 55.699463 383.134125 544.602051
61.456573 62.885193 358.658539 535.941345
80.803001 54.160084 383.133820 546.141418
61.457500 52.517479 358.656250 546.309082
80.801941 79.386192 383.134888 520.915283
61.457489 52.517479 358.656189 546.746948
80.803001 45.388714 383.133820 554.912842
61.457500 52.518105 358.656433 546.308411
80.803001 55.195194 383.133820 544.668335
61.457493 53.123085 358.655579 545.703369
80.802879 54.160320 383.133942 545.703186
61.457462 52.517853 358.662964 546.308655
80.802551 68.037483 383.134277 531.825989
61.457500 51.699097 358.657135 547.127319
80.803001 49.178486 383.133820 550.685059
61.456680 52.517853 358.657532 546.308655
80.802589 53.552525 383.134216 546.311035
61.457500 61.832481 358.658234 537.432007
80.802734 69.462440 383.134094 530.839111
61.457500 54.159256 358.656158 545.105225
80.802994 53.552090 383.133820 546.749390
61.457500 271.395264 358.656769 327.431213
80.803001 30.294315 383.133820 505.557373
61.457329 76.625969 358.657471 522.200439
80.803001 77.664406 383.133820 522.637146
61.457329 64.544197 358.656860 534.720337
80.802826 63.516754 383.133972 536.784790
61.457500 54.158195 358.656311 544.668335
80.803001 53.553158 383.133820 546.310425
61.457500 52.517033 358.657166 546.309448
80.802521 53.554409 383.134308 546.309021
61.457024 54.158195 358.658112 544.668274
80.802979 53.554852 383.133850 546.308655
61.457500 54.158478 358.656036 544.668030
80.802521 54.160084 383.134308 545.703491
61.457329 52.517479 358.656128 546.308960
80.803001 53.555107 383.133820 546.308472
61.456421 64.473732 358.658234 534.790771
80.803001 70.791687 383.133820 529.509827
61.457230 62.183197 358.657288 537.081238
80.803001 53.554409 383.133820 546.747131
61.457500 54.159996 358.657318 544.666504
80.802872 66.205376 383.133942 534.096069
61.457329 52.517479 358.657196 546.309021
80.803001 53.554409 383.133820 546.747131
61.456444 52.517731 358.657288 546.746765
80.801910 53.554409 383.134888 546.747131
61.457500 65.908974 358.655182 533.355469
80.802650 53.554852 383.134155 546.746643
61.456993 52.518105 358.656281 546.746399
80.803001 433.800720 383.133820 166.500793
174.909103 470.806274 161.748001 13.283997
80.803001 30.294315 383.133820 505.557495
61.457329 54.159256 358.657379 544.667297
80.803001 56.949989 383.133820 543.351563
61.457031 52.515530 361.047302 546.748901
80.803001 59.462517 383.133820 540.838989
61.457500 65.118782 358.656281 534.145691
80.802582 84.321152 383.134247 515.980347
61.456787 52.517853 362.006897 546.746704
80.802979 53.552155 383.133850 546.749329
61.457500 58.495483 358.656586 540.330994
80.802879 53.554852 383.133911 546.746704
61.457329 54.314613 358.656097 544.511841
80.803001 54.160084 383.133820 546.141418
61.457451 53.123085 358.656403 546.141418
80.803001 77.552086 383.133820 522.749451
61.457500 145.152863 358.653625 454.111572
80.802536 53.555733 383.134277 546.745789
61.457500 64.619232 358.658508 534.645325
80.803001 50.213936 383.133820 550.087585
61.457500 52.517479 358.656647 546.309204
80.803001 65.536194 383.133820 534.765381
61.457500 58.641396 358.655884 540.185120
80.802574 65.656975 383.134247 534.644653
61.457500 52.517479 358.656036 546.747070
80.802483 79.547668 383.134338 520.753845
61.456909 49.418167 358.656555 549.846313
80.803001 54.160084 383.133820 546.141418
61.457500 56.701405 358.656769 542.562927
80.802513 67.187195 383.134308 533.114319
61.457500 54.314911 358.655975 544.511597
80.803001 54.160084 383.133820 546.141418
61.457146 53.123085 358.655579 545.703369
80.803001 357.601868 383.133820 242.699646
174.909103 470.806274 161.748001 13.283997
80.803001 30.294315 397.851837 505.557434
61.457500 82.042175 358.656769 517.222351
80.802872 65.509415 397.851929 534.792175
61.457500 58.695107 358.657257 540.569458
80.803001 53.554852 397.851807 546.746765
61.457500 65.275436 358.655243 533.551025
80.802216 65.510109 397.852600 534.791443
61.457500 52.517853 358.655823 546.308716
80.801933 53.554852 397.852875 546.746765
61.457500 64.374931 358.656097 534.889526
80.802689 53.555107 397.852112 546.746399
61.457500 52.517479 358.656250 546.747009
80.802795 53.555107 397.852020 546.746460
61.457500 53.123085 358.656342 546.141418
80.802940 53.552525 397.851868 546.748901
61.457329 53.123085 358.656403 545.703369
80.802910 53.554409 397.851898 546.747070
61.457329 54.314911 358.657074 544.511536
80.802750 59.531853 397.852051 540.769714
61.457329 53.123318 358.655945 546.141174
80.802704 53.554409 397.852112 546.747131
